1 0.08933333333333333 0.45095095095095095 0.096 0.12512512512512514
1 0.171 0.3533533533533533 0.08466666666666667 0.12412412412412413
2 0.215 0.2797797797797798 0.07133333333333333 0.13913913913913914
1 0.39866666666666667 0.3383383383383383 0.088 0.13013013013013014
1 0.48733333333333334 0.2727727727727728 0.07333333333333333 0.12912912912912913
1 0.6296666666666667 0.3058058058058058 0.062 0.10710710710710711
1 0.7063333333333334 0.2982982982982983 0.078 0.13213213213213212
1 0.8526666666666667 0.17717717717717718 0.044 0.1001001001001001
1 0.967 0.1881881881881882 0.04733333333333333 0.08808808808808809
2 0.5356666666666666 0.944944944944945 0.078 0.11011011011011011
